7226 4852 6123
50
136 79 74
1 11 35
39 99 175
61 133 27
84 62 61
98 186 60
60 27 48
163 76 47
126 148 89
47 49 71
108 118 78
77 190 28
146 167 194
147 87 16
125 133 72
196 94 98
67 155 45
89 122 46
94 57 45
161 31 99
161 105 16
60 75 143
163 36 125
54 49 7
2 60 173
166 52 163
132 23 139
111 65 49
41 148 91
74 79 183
175 21 54
42 7 120
91 177 127
187 59 64
172 183 129
129 145 151
77 193 126
128 38 176
99 65 66
186 50 92
65 42 85
146 50 182
72 26 111
147 125 53
84 160 94
16 87 186
84 122 179
111 21 32
142 151 153
48 199 37
